\begin{tikzpicture}[scale=1.5]
\begin{axis}[grid]
\addplot[smooth, black] plot coordinates{
(-7.87914, 0.2) (-7.8744, 0.4) (-7.8665, 0.6) (-7.85542, 0.8) (-7.84115, 1) (-7.82368, 1.2) (-7.80298, 1.4) (-7.77902, 1.6) (-7.75179, 1.8) (-7.72124, 2) (-7.68733, 2.2) (-7.65002, 2.4) (-7.60927, 2.6) (-7.565, 2.8) (-7.51718, 3) (-7.46572, 3.2) (-7.41055, 3.4) (-7.35159, 3.6) (-7.28875, 3.8) (-7.22192, 4) (-7.151, 4.2) (-7.07587, 4.4) (-6.99638, 4.6) (-6.9124, 4.8) (-6.82375, 5) (-6.73025, 5.2) (-6.63171, 5.4) (-6.52788, 5.6) (-6.41852, 5.8) (-9.94859, 6) (-9.87221, 6.2) (-9.79271, 6.4) (-9.71, 6.6) (-9.62402, 6.8) (-9.53466, 7) (-9.44184, 7.2) (-9.34545, 7.4) (-9.24539, 7.6) (-9.14152, 7.8) (-9.03373, 8) (-8.92186, 8.2) (-8.80578, 8.4) (-8.68529, 8.6) (-8.56023, 8.8) (-8.43039, 9) (-8.29555, 9.2) (-8.15545, 9.4) (-8.00983, 9.6) (-7.85837, 9.8) (-7.70074, 10) };
\addplot[smooth, black] plot coordinates{
(-4.75402, 0.2) (-4.74611, 0.4) (-4.73291, 0.6) (-4.71437, 0.8) (-4.69042, 1) (-4.66099, 1.2) (-4.62596, 1.4) (-4.58522, 1.6) (-4.53861, 1.8) (-4.48595, 2) (-4.42702, 2.2) (-4.36157, 2.4) (-4.28932, 2.6) (-4.2099, 2.8) (-4.12291, 3) (-4.02786, 3.2) (-3.92417, 3.4) (-3.81114, 3.6) (-3.68791, 3.8) (-3.55342, 4) (-3.40635, 4.2) (-3.24498, 4.4) (-3.06708, 4.6) (-2.86956, 4.8) (-2.64805, 5) (-2.39591, 5.2) (-2.10215, 5.4) (-1.74589, 5.6) (-1.27583, 5.8) (-6.30334, 6) (-6.18202, 6.2) (-6.05418, 6.4) (-5.91942, 6.6) (-5.77723, 6.8) (-5.62708, 7) (-5.46829, 7.2) (-5.3001, 7.4) (-5.12158, 7.6) (-4.93162, 7.8) (-4.72883, 8) (-4.51149, 8.2) (-4.27739, 8.4) (-4.0236, 8.6) (-3.74613, 8.8) (-3.43926, 9) (-3.09424, 9.2) (-2.6965, 9.4) (-2.21783, 9.6) (-1.58663, 9.8) (-0.258858, 10) };
\addplot[smooth, black] plot coordinates{
(-1.68555, 0.2) (-1.66167, 0.4) (-1.62109, 0.6) (-1.5625, 0.8) (-1.48376, 1) (-1.38144, 1.2) (-1.24974, 1.4) (-1.07792, 1.6) (-0.841771, 1.8) (-0.449211, 2) (0.598736, 2.2) (0.986047, 2.4) (1.28049, 2.6) (1.53645, 2.8) (1.77069, 3) (1.99092, 3.2) (2.20135, 3.4) (2.40457, 3.6) (2.60229, 3.8) (2.79569, 4) (2.98561, 4.2) (3.17269, 4.4) (3.35741, 4.6) (3.54017, 4.8) (3.72125, 5) (3.9009, 5.2) (4.07932, 5.4) (4.25667, 5.6) (4.4331, 5.8) (-0.397316, 6) (1.16683, 6.2) (1.7118, 6.4) (2.13272, 6.6) (2.49321, 6.8) (2.81658, 7) (3.1144, 7.2) (3.39342, 7.4) (3.65792, 7.6) (3.91087, 7.8) (4.15436, 8) (4.38998, 8.2) (4.61892, 8.4) (4.84214, 8.6) (5.0604, 8.8) (5.27431, 9) (5.48438, 9.2) (5.69104, 9.4) (5.89465, 9.6) (6.09552, 9.8) (6.29391, 10) };
\addplot[smooth, black] plot coordinates{
(4.60871, 6) (4.7836, 6.2) (4.95787, 6.4) (5.13157, 6.6) (5.30478, 6.8) (5.47755, 7) (5.64993, 7.2) (5.82195, 7.4) (5.99366, 7.6) (6.16509, 7.8) (6.33627, 8) (6.50722, 8.2) (6.67797, 8.4) (6.84854, 8.6) (7.01895, 8.8) (7.1892, 9) (7.35933, 9.2) (7.52934, 9.4) (7.69924, 9.6) (7.86905, 9.8) (8.03878, 10) };
\end{axis}
\end{tikzpicture}
